0 0.791016 0.614583 0.077344 0.115278
0 0.880078 0.577083 0.049219 0.068056
0 0.982422 0.586111 0.033594 0.077778
0 0.961719 0.584028 0.026563 0.062500
0 0.160156 0.590972 0.318750 0.298611
3 0.447656 0.459722 0.026563 0.047222
23 0.884766 0.712500 0.228906 0.072222
23 0.324609 0.854167 0.649219 0.202778
24 0.203125 0.653472 0.090625 0.373611
24 0.594141 0.647222 0.049219 0.200000
24 0.629687 0.580556 0.018750 0.105556
24 0.697266 0.588194 0.022656 0.106944
24 0.664453 0.577083 0.022656 0.070833
