0 0.660547 0.557639 0.085938 0.050000
0 0.811719 0.553472 0.062500 0.044444
0 0.314453 0.580556 0.043750 0.054167
0 0.411719 0.564583 0.017969 0.027778
0 0.443750 0.564583 0.014844 0.025000
0 0.466016 0.557639 0.014062 0.025000
0 0.161719 0.594444 0.101562 0.109722
0 0.052344 0.593056 0.104687 0.133333
0 0.280859 0.578472 0.032031 0.051389
0 0.254297 0.581944 0.049219 0.052778
0 0.222656 0.592361 0.055469 0.062500
0 0.361719 0.568750 0.018750 0.036111
0 0.616797 0.550694 0.030469 0.019444
0 0.332031 0.558333 0.044531 0.066667
0 0.857031 0.554167 0.030469 0.036111
