2 0.257812 0.275694 0.008594 0.052778
2 0.608984 0.250000 0.012500 0.052778
1 0.063281 0.129167 0.023438 0.088889
1 0.271484 0.279167 0.012500 0.051389
0 0.373047 0.468750 0.036719 0.045833
0 0.363672 0.482639 0.017969 0.045833
0 0.340625 0.482639 0.042969 0.059722
0 0.315625 0.500000 0.040625 0.056944
0 0.601953 0.497222 0.032812 0.045833
0 0.619141 0.502778 0.040625 0.052778
0 0.274219 0.509028 0.067969 0.079167
0 0.646484 0.519444 0.061719 0.072222
0 0.478516 0.661806 0.292188 0.429167
2 0.748047 0.429167 0.011719 0.027778
0 0.862109 0.652083 0.274219 0.493056
23 0.677344 0.661111 0.112500 0.080556
23 0.167187 0.655556 0.334375 0.077778
23 0.273828 0.556944 0.158594 0.019444
23 0.650000 0.558333 0.123438 0.038889
24 0.075781 0.523611 0.020312 0.100000
24 0.093750 0.524306 0.017188 0.101389
24 0.035937 0.537500 0.029687 0.108333
24 0.010937 0.535417 0.017188 0.106944
24 0.204688 0.506250 0.018750 0.093056
24 0.186328 0.508333 0.014844 0.088889
