1 0.638672 0.187500 0.010156 0.045833
1 0.504297 0.269444 0.006250 0.029167
2 0.498437 0.270139 0.006250 0.033333
1 0.492578 0.270833 0.006250 0.029167
1 0.286719 0.264583 0.008594 0.033333
2 0.277734 0.264583 0.009375 0.033333
2 0.290234 0.315972 0.007031 0.029167
0 0.561328 0.361806 0.052344 0.116667
0 0.505859 0.406944 0.040625 0.058333
0 0.348437 0.418750 0.093750 0.123611
0 0.054688 0.498611 0.107813 0.241667
0 0.451172 0.406944 0.025781 0.033333
24 0.606641 0.395139 0.014844 0.068056
24 0.619531 0.394444 0.012500 0.077778
