2 0.525781 0.450695 0.010156 0.036111
1 0.698047 0.510417 0.008594 0.040278
1 0.139062 0.481250 0.010937 0.036111
0 0.707031 0.665972 0.026563 0.061111
0 0.062500 0.744444 0.125000 0.320833
0 0.475781 0.612500 0.013281 0.022222
0 0.497266 0.642361 0.044531 0.065278
0 0.633594 0.628472 0.060938 0.086111
0 0.565234 0.679167 0.117969 0.131944
0 0.407422 0.675694 0.153906 0.237500
0 0.304297 0.622917 0.064844 0.105556
24 0.792188 0.638194 0.020312 0.081944
24 0.747656 0.641667 0.018750 0.077778
24 0.721484 0.643056 0.025781 0.108333
2 0.576953 0.434028 0.011719 0.054167
2 0.547656 0.513889 0.010937 0.041667
