2 0.336719 0.122222 0.011719 0.051389
2 0.511328 0.201389 0.007812 0.036111
1 0.357812 0.129167 0.011719 0.055556
1 0.231250 0.175000 0.014062 0.052778
1 0.112109 0.081944 0.017969 0.069444
4 0.208984 0.300000 0.016406 0.027778
0 0.333984 0.365278 0.056250 0.100000
0 0.191016 0.410417 0.058594 0.104167
0 0.846875 0.382639 0.083594 0.095833
0 0.276563 0.432639 0.142188 0.208333
0 0.456250 0.403472 0.096875 0.163889
0 0.615625 0.424306 0.160156 0.248611
0 0.938672 0.356944 0.121094 0.155556
24 0.754297 0.398611 0.024219 0.094444
24 0.797266 0.388889 0.025781 0.097222
