4 0.255469 0.259722 0.011719 0.051389
4 0.457031 0.317361 0.008594 0.040278
1 0.271094 0.261111 0.017188 0.056944
1 0.469141 0.317361 0.011719 0.043056
0 0.486328 0.501389 0.032812 0.075000
0 0.512109 0.516667 0.043750 0.063889
0 0.353125 0.542361 0.144531 0.213889
0 0.058594 0.579861 0.117188 0.136111
0 0.615234 0.547222 0.157031 0.208333
0 0.855469 0.550000 0.285937 0.631944
24 0.735937 0.527778 0.045313 0.197222
24 0.170703 0.527083 0.019531 0.076389
23 0.485938 0.579167 0.095312 0.036111
23 0.199609 0.595139 0.157031 0.034722
