24 0.948828 0.563889 0.089844 0.316667
24 0.871484 0.529167 0.046094 0.144444
24 0.025391 0.520833 0.028906 0.147222
24 0.061328 0.529861 0.030469 0.145833
23 0.499609 0.808333 0.999219 0.163889
23 0.376953 0.599306 0.541406 0.040278
23 0.850391 0.667361 0.297656 0.115278
0 0.331641 0.538889 0.096094 0.091667
0 0.235938 0.529861 0.087500 0.090278
0 0.571094 0.542361 0.075000 0.081944
0 0.531641 0.540278 0.038281 0.069444
0 0.381250 0.527083 0.043750 0.079167
2 0.513672 0.117361 0.017969 0.093056
