4 0.412500 0.430556 0.010156 0.050000
4 0.349219 0.420139 0.012500 0.063889
4 0.068359 0.488889 0.010156 0.052778
1 0.036719 0.120139 0.030469 0.163889
1 0.683203 0.291667 0.028125 0.088889
1 0.636719 0.338889 0.021875 0.093056
1 0.606250 0.354861 0.021094 0.065278
1 0.783203 0.335417 0.020312 0.125000
1 0.560156 0.477083 0.012500 0.045833
0 0.160156 0.596528 0.051562 0.047222
0 0.225781 0.591667 0.035937 0.044444
0 0.917969 0.605556 0.133594 0.084722
0 0.767969 0.605556 0.125000 0.068056
0 0.095703 0.609722 0.069531 0.101389
0 0.044141 0.634028 0.088281 0.312500
0 0.383203 0.675000 0.383594 0.337500
24 0.596875 0.599306 0.021875 0.059722
