0 0.180469 0.725694 0.357812 0.473611
0 0.725781 0.727083 0.240625 0.170833
0 0.925391 0.754861 0.138281 0.145833
0 0.034766 0.471528 0.067969 0.140278
0 0.346484 0.569444 0.078906 0.119444
23 0.667188 0.893056 0.610937 0.213889
24 0.939453 0.782639 0.047656 0.179167
24 0.535547 0.664583 0.032031 0.168056
24 0.563281 0.647222 0.028125 0.155556
24 0.470703 0.585417 0.024219 0.115278
24 0.405859 0.581250 0.027344 0.123611
24 0.617969 0.624306 0.026563 0.109722
24 0.661328 0.638889 0.033594 0.075000
2 0.387891 0.221528 0.017969 0.090278
2 0.529297 0.499306 0.017969 0.043056
