0 0.059375 0.522917 0.117188 0.095833
0 0.132422 0.525000 0.064062 0.062500
0 0.921094 0.665278 0.155469 0.356944
0 0.928125 0.431250 0.141406 0.184722
0 0.424219 0.470833 0.070312 0.084722
1 0.991406 0.278472 0.014062 0.075000
1 0.958203 0.234028 0.018750 0.111111
1 0.100391 0.322222 0.024219 0.075000
1 0.701172 0.378472 0.010156 0.055556
2 0.719141 0.374306 0.007812 0.047222
2 0.314844 0.413194 0.008594 0.033333
0 0.739453 0.552778 0.163281 0.166667
0 0.514844 0.545139 0.126563 0.183333
0 0.594922 0.482639 0.024219 0.040278
0 0.400000 0.500694 0.044531 0.052778
0 0.368750 0.500694 0.028125 0.052778
23 0.360547 0.573611 0.599219 0.036111
23 0.888281 0.550694 0.135937 0.037500
24 0.138672 0.523611 0.024219 0.091667
24 0.327734 0.504861 0.011719 0.059722
24 0.884766 0.501389 0.027344 0.138889
24 0.946875 0.499306 0.026563 0.112500
24 0.827734 0.489583 0.017969 0.087500
24 0.802344 0.486806 0.018750 0.073611
