0 0.855078 0.554167 0.288281 0.600000
0 0.605078 0.472222 0.197656 0.233333
0 0.484766 0.416667 0.067969 0.088889
0 0.444922 0.397917 0.044531 0.068056
0 0.053516 0.425000 0.107031 0.150000
0 0.192578 0.413194 0.072656 0.073611
0 0.234766 0.404861 0.035156 0.062500
0 0.257812 0.404861 0.025000 0.054167
0 0.276953 0.400694 0.025781 0.045833
0 0.354688 0.343750 0.021875 0.034722
0 0.428125 0.343750 0.023438 0.029167
0 0.318750 0.347222 0.028125 0.033333
23 0.351953 0.409028 0.124219 0.018056
23 0.367188 0.363889 0.128125 0.011111
