0 0.157422 0.664583 0.208594 0.251389
0 0.354297 0.584028 0.196094 0.137500
0 0.282422 0.608333 0.063281 0.086111
0 0.034766 0.631944 0.067969 0.180556
4 0.636328 0.469444 0.021094 0.094444
24 0.825000 0.664583 0.035937 0.143056
24 0.771875 0.652778 0.031250 0.136111
24 0.717578 0.645139 0.025781 0.131944
24 0.681250 0.642361 0.026563 0.123611
24 0.660937 0.631250 0.028125 0.115278
24 0.588672 0.627778 0.027344 0.113889
24 0.560547 0.622917 0.021094 0.095833
24 0.536719 0.621528 0.018750 0.095833
24 0.351562 0.354861 0.012500 0.070833
23 0.448438 0.738194 0.367188 0.073611
2 0.372266 0.336111 0.016406 0.055556
6 0.273828 0.249306 0.033594 0.054167
