4 0.229687 0.247222 0.013281 0.058333
4 0.853125 0.165278 0.021875 0.077778
1 0.832812 0.173611 0.017969 0.073611
0 0.271875 0.574306 0.107031 0.102778
0 0.347266 0.522222 0.085156 0.143056
0 0.466797 0.535417 0.033594 0.050000
0 0.529688 0.531250 0.035937 0.047222
0 0.587500 0.531250 0.028125 0.041667
0 0.642969 0.511806 0.092969 0.052778
24 0.792969 0.556944 0.040625 0.127778
24 0.107422 0.577778 0.022656 0.091667
24 0.164453 0.554167 0.019531 0.077778
23 0.479688 0.629167 0.826563 0.055556
0 0.416797 0.519444 0.069531 0.100000
0 0.564453 0.530556 0.021094 0.033333
