0 0.478125 0.557639 0.196875 0.243056
0 0.670703 0.529167 0.086719 0.102778
0 0.607422 0.523611 0.052344 0.077778
0 0.300000 0.471528 0.165625 0.195833
0 0.167578 0.537500 0.103906 0.091667
24 0.109375 0.540278 0.018750 0.102778
24 0.938672 0.534028 0.036719 0.145833
24 0.966016 0.535417 0.030469 0.140278
24 0.990625 0.522917 0.017188 0.168056
24 0.829297 0.530556 0.027344 0.125000
24 0.855469 0.515278 0.026563 0.130556
24 0.880078 0.515278 0.024219 0.136111
24 0.910547 0.507639 0.024219 0.123611
24 0.736328 0.518056 0.014844 0.077778
24 0.758203 0.513194 0.017969 0.076389
23 0.500781 0.703472 0.995313 0.101389
23 0.211719 0.593750 0.334375 0.031944
23 0.664453 0.586806 0.185156 0.031944
