2 0.337500 0.021528 0.013281 0.038889
1 0.355078 0.024306 0.010937 0.044444
2 0.662109 0.123611 0.007812 0.051389
0 0.433203 0.375000 0.038281 0.051389
0 0.427344 0.385417 0.031250 0.055556
0 0.397656 0.393056 0.054688 0.068056
0 0.735937 0.374306 0.069531 0.087500
0 0.654297 0.383333 0.075000 0.088889
0 0.053125 0.405556 0.106250 0.087500
23 0.507031 0.543750 0.982813 0.095833
23 0.130078 0.477083 0.260156 0.051389
23 0.526563 0.421528 0.179688 0.012500
25 0.462891 0.377778 0.016406 0.080556
24 0.286719 0.377778 0.020312 0.083333
24 0.876562 0.363194 0.020312 0.095833
24 0.857813 0.364583 0.012500 0.101389
24 0.848437 0.365972 0.015625 0.095833
