0 0.417188 0.423611 0.064062 0.080556
0 0.460547 0.411806 0.042969 0.070833
0 0.662109 0.416667 0.064844 0.075000
0 0.625000 0.403472 0.040625 0.059722
0 0.604688 0.404167 0.029687 0.050000
0 0.552734 0.403472 0.035156 0.059722
0 0.539844 0.382639 0.037500 0.081944
24 0.205859 0.430556 0.025781 0.108333
24 0.815625 0.398611 0.023438 0.088889
24 0.842578 0.396528 0.021094 0.098611
25 0.328906 0.431944 0.025000 0.091667
23 0.499219 0.731250 0.992188 0.159722
23 0.495703 0.495139 0.555469 0.031944
23 0.934766 0.522917 0.128906 0.076389
