0 0.351172 0.577083 0.178906 0.240278
0 0.480469 0.503472 0.089062 0.104167
0 0.076953 0.577083 0.152344 0.343056
0 0.858594 0.486111 0.179688 0.122222
0 0.227734 0.520139 0.036719 0.054167
2 0.464453 0.215972 0.017969 0.068056
23 0.460547 0.702778 0.921094 0.194444
24 0.971875 0.506250 0.048437 0.226389
24 0.557031 0.496528 0.025000 0.109722
24 0.591406 0.495139 0.029687 0.095833
24 0.668359 0.474306 0.024219 0.098611
24 0.695312 0.488194 0.023438 0.098611
24 0.702344 0.470833 0.021875 0.097222
