0 0.268359 0.612500 0.269531 0.369444
0 0.399219 0.513194 0.096875 0.162500
0 0.733203 0.486806 0.314844 0.309722
0 0.930078 0.550000 0.138281 0.480556
0 0.144531 0.449306 0.282813 0.187500
24 0.479297 0.493056 0.033594 0.191667
24 0.559766 0.485417 0.024219 0.123611
24 0.575000 0.472222 0.021875 0.105556
24 0.458203 0.487500 0.030469 0.127778
24 0.147656 0.509028 0.043750 0.179167
24 0.092969 0.517361 0.040625 0.179167
24 0.023438 0.518750 0.031250 0.159722
24 0.048047 0.512500 0.027344 0.152778
4 0.417969 0.361111 0.009375 0.041667
