0 0.788672 0.467361 0.133594 0.123611
0 0.956250 0.459028 0.085938 0.073611
0 0.894141 0.449306 0.075781 0.070833
0 0.530859 0.414583 0.063281 0.126389
0 0.654297 0.400694 0.032031 0.045833
2 0.671484 0.114583 0.024219 0.079167
24 0.581250 0.586111 0.140625 0.461111
24 0.463672 0.478472 0.046094 0.226389
24 0.415234 0.474306 0.053906 0.226389
24 0.341016 0.491667 0.057031 0.291667
24 0.227344 0.487500 0.057813 0.263889
24 0.270703 0.445833 0.030469 0.183333
24 0.302344 0.436806 0.026563 0.184722
24 0.326172 0.437500 0.021094 0.183333
23 0.688672 0.800694 0.621094 0.259722
23 0.302734 0.570139 0.241406 0.165278
23 0.620703 0.501389 0.278906 0.047222
