4 0.392969 0.085417 0.046875 0.165278
4 0.679688 0.425000 0.026563 0.119444
1 0.657031 0.429167 0.023438 0.119444
0 0.886719 0.744444 0.225000 0.511111
0 0.552734 0.685417 0.050781 0.087500
0 0.477734 0.679167 0.021094 0.036111
0 0.524219 0.662500 0.042188 0.077778
24 0.363281 0.681944 0.032812 0.186111
24 0.383594 0.676389 0.037500 0.147222
24 0.275000 0.693750 0.035937 0.134722
24 0.229687 0.689583 0.037500 0.154167
24 0.176953 0.690972 0.066406 0.262500
24 0.068750 0.688194 0.045313 0.220833
24 0.019531 0.693750 0.034375 0.181944
25 0.086328 0.733333 0.108594 0.133333
