2 0.429688 0.368750 0.021875 0.098611
2 0.529297 0.501389 0.013281 0.052778
2 0.408984 0.382639 0.014844 0.056944
0 0.443359 0.731944 0.142969 0.216667
0 0.080859 0.760417 0.158594 0.395833
0 0.314844 0.671528 0.078125 0.081944
0 0.151562 0.688194 0.062500 0.073611
0 0.537500 0.658333 0.050000 0.091667
2 0.651953 0.575000 0.010156 0.047222
1 0.615625 0.548611 0.018750 0.069444
1 0.665234 0.559722 0.011719 0.069444
24 0.641406 0.661111 0.023438 0.100000
24 0.678906 0.654167 0.025000 0.105556
24 0.830469 0.680556 0.068750 0.338889
24 0.714063 0.661806 0.026563 0.129167
