0 0.864453 0.685417 0.189844 0.118056
0 0.055859 0.705556 0.058594 0.058333
0 0.117188 0.706944 0.031250 0.038889
0 0.169922 0.704861 0.025781 0.034722
0 0.321484 0.700000 0.025781 0.033333
0 0.433594 0.693056 0.042188 0.052778
0 0.411328 0.686806 0.027344 0.048611
4 0.668359 0.475000 0.027344 0.113889
4 0.275781 0.073611 0.034375 0.130556
1 0.601172 0.388889 0.021094 0.077778
1 0.619531 0.510417 0.014062 0.056944
1 0.647656 0.468750 0.020312 0.101389
1 0.752344 0.506944 0.023438 0.100000
1 0.786719 0.504861 0.026563 0.101389
4 0.602734 0.572222 0.008594 0.041667
19 0.662500 0.334028 0.071875 0.131944
24 0.543359 0.679861 0.027344 0.090278
