0 0.442969 0.688889 0.145313 0.216667
0 0.595703 0.667361 0.116406 0.151389
0 0.738672 0.678472 0.121094 0.131944
0 0.851172 0.679861 0.100781 0.101389
0 0.936719 0.704861 0.125000 0.195833
0 0.204297 0.626389 0.066406 0.058333
0 0.151953 0.613889 0.038281 0.061111
0 0.324609 0.627083 0.050781 0.043056
0 0.360547 0.640972 0.042969 0.073611
2 0.424609 0.315278 0.025781 0.097222
3 0.424609 0.312500 0.025781 0.097222
4 0.555078 0.338889 0.022656 0.094444
4 0.673047 0.363194 0.022656 0.081944
1 0.144922 0.515278 0.010156 0.038889
1 0.192969 0.518056 0.010937 0.041667
1 0.776172 0.400000 0.019531 0.063889
1 0.675781 0.505556 0.010937 0.041667
1 0.642969 0.503472 0.009375 0.043056
1 0.573438 0.515278 0.010937 0.038889
1 0.557813 0.517361 0.010937 0.040278
1 0.863281 0.571528 0.020312 0.051389
4 0.845703 0.570139 0.011719 0.054167
