0 0.263281 0.681250 0.117188 0.115278
0 0.260156 0.634722 0.114063 0.080556
0 0.405859 0.658333 0.060156 0.063889
0 0.485156 0.647917 0.057813 0.056944
0 0.557813 0.642361 0.037500 0.037500
0 0.535547 0.635417 0.022656 0.045833
0 0.605078 0.632639 0.025781 0.023611
2 0.574609 0.221528 0.028906 0.095833
2 0.834375 0.423611 0.018750 0.080556
2 0.348047 0.494444 0.019531 0.086111
4 0.032031 0.391667 0.034375 0.127778
1 0.128906 0.330556 0.025000 0.097222
1 0.325391 0.495833 0.024219 0.077778
24 0.755078 0.622222 0.030469 0.133333
