0 0.115234 0.688889 0.192969 0.116667
0 0.390234 0.649306 0.077344 0.051389
24 0.223438 0.664583 0.031250 0.131944
24 0.257031 0.659722 0.031250 0.152778
24 0.287500 0.663889 0.028125 0.141667
24 0.326953 0.657639 0.022656 0.081944
24 0.348437 0.650694 0.023438 0.095833
24 0.893359 0.579861 0.060156 0.218056
24 0.823047 0.612500 0.042969 0.155556
24 0.741797 0.611806 0.039844 0.137500
24 0.726562 0.616667 0.025000 0.127778
24 0.717969 0.613194 0.028125 0.143056
24 0.855469 0.590278 0.039062 0.169444
24 0.795703 0.597222 0.041406 0.172222
24 0.830469 0.590972 0.032812 0.179167
