0 0.689844 0.781250 0.085938 0.109722
0 0.114453 0.855556 0.222656 0.288889
0 0.265234 0.820833 0.150781 0.172222
0 0.351953 0.788194 0.099219 0.137500
0 0.806250 0.754861 0.092188 0.070833
4 0.184766 0.663889 0.017969 0.069444
4 0.280469 0.501389 0.012500 0.061111
4 0.391406 0.501389 0.012500 0.055556
2 0.514453 0.536111 0.000781 0.002778
2 0.514453 0.536111 0.000781 0.002778
2 0.508594 0.500000 0.015625 0.069444
2 0.684375 0.510417 0.014062 0.056944
2 0.762500 0.653472 0.014062 0.054167
18 0.186719 0.594444 0.039062 0.058333
18 0.756641 0.595139 0.032031 0.056944
0 0.413672 0.768056 0.025781 0.050000
0 0.438672 0.761111 0.022656 0.036111
