0 0.730859 0.670139 0.097656 0.184722
0 0.826953 0.684722 0.092969 0.100000
0 0.952344 0.668750 0.082813 0.106944
0 0.893359 0.666667 0.052344 0.086111
0 0.044922 0.740972 0.088281 0.229167
0 0.980469 0.679861 0.037500 0.109722
0 0.541016 0.670139 0.053906 0.093056
0 0.606641 0.677083 0.044531 0.070833
0 0.674219 0.677083 0.029687 0.059722
0 0.204688 0.710417 0.101562 0.087500
0 0.374219 0.694444 0.034375 0.055556
0 0.449219 0.681944 0.021875 0.058333
0 0.451953 0.644444 0.097656 0.100000
4 0.603906 0.503472 0.015625 0.056944
4 0.489844 0.606250 0.009375 0.037500
2 0.716016 0.508333 0.013281 0.050000
1 0.482031 0.603472 0.007812 0.040278
