0 0.217187 0.656944 0.056250 0.100000
0 0.135547 0.672222 0.061719 0.077778
4 0.186328 0.463194 0.016406 0.059722
4 0.299609 0.574306 0.010156 0.045833
1 0.386719 0.510417 0.007812 0.037500
1 0.400000 0.504861 0.009375 0.045833
1 0.417188 0.499306 0.010937 0.043056
1 0.433594 0.490972 0.010937 0.040278
1 0.487891 0.564583 0.014844 0.037500
1 0.464844 0.568056 0.006250 0.036111
1 0.447266 0.570833 0.013281 0.036111
1 0.648828 0.554861 0.011719 0.045833
4 0.077344 0.581944 0.009375 0.041667
0 0.366797 0.636111 0.069531 0.052778
0 0.059375 0.671528 0.028125 0.037500
