0 0.396094 0.672222 0.360156 0.543056
0 0.076172 0.611111 0.152344 0.223611
1 0.242188 0.259722 0.016406 0.061111
1 0.269141 0.267361 0.017188 0.056944
1 0.301562 0.340278 0.016406 0.045833
1 0.405859 0.296528 0.010156 0.050000
1 0.425391 0.297222 0.010937 0.055556
4 0.416406 0.293750 0.010156 0.070833
1 0.519922 0.355556 0.010156 0.070833
4 0.553516 0.314583 0.010156 0.051389
0 0.584375 0.581250 0.071094 0.066667
4 0.064844 0.411806 0.010937 0.029167
1 0.076172 0.417361 0.010937 0.036111
0 0.814844 0.630556 0.367188 0.727778
