0 0.481641 0.681250 0.136719 0.187500
0 0.304688 0.661806 0.134375 0.165278
0 0.277734 0.590972 0.160156 0.115278
0 0.420703 0.626389 0.044531 0.069444
0 0.542578 0.625000 0.028906 0.055556
2 0.346094 0.302778 0.021875 0.094444
2 0.488281 0.306944 0.023438 0.094444
2 0.594922 0.311111 0.025781 0.094444
2 0.746484 0.312500 0.024219 0.097222
2 0.842188 0.513889 0.012500 0.058333
1 0.014062 0.406250 0.010937 0.065278
1 0.035156 0.497917 0.014062 0.059722
2 0.227344 0.498611 0.015625 0.066667
1 0.210938 0.498611 0.014062 0.061111
1 0.242969 0.501389 0.015625 0.063889
1 0.783594 0.477083 0.017188 0.051389
1 0.805469 0.474306 0.017188 0.054167
1 0.822266 0.468056 0.013281 0.050000
1 0.870313 0.514583 0.021875 0.065278
18 0.229687 0.434722 0.032812 0.050000
18 0.843750 0.445833 0.031250 0.047222
