0 0.497656 0.426389 0.150000 0.252778
0 0.825000 0.370139 0.348437 0.731944
0 0.585156 0.379861 0.034375 0.048611
0 0.380078 0.369444 0.047656 0.072222
23 0.499609 0.732639 0.999219 0.270833
23 0.342969 0.431944 0.153125 0.027778
23 0.617578 0.439583 0.088281 0.040278
23 0.061328 0.458333 0.122656 0.058333
24 0.266797 0.383333 0.021094 0.091667
24 0.068359 0.374306 0.021094 0.101389
24 0.131250 0.393750 0.028125 0.123611
24 0.037500 0.379861 0.026563 0.095833
24 0.017969 0.372917 0.015625 0.118056
