0 0.612109 0.905556 0.261719 0.188889
0 0.924219 0.805556 0.150000 0.388889
0 0.270312 0.839583 0.087500 0.134722
0 0.368750 0.829167 0.054688 0.061111
0 0.442969 0.823611 0.037500 0.066667
0 0.409375 0.826389 0.029687 0.047222
0 0.485938 0.819444 0.040625 0.050000
23 0.309766 0.925000 0.350781 0.041667
23 0.399609 0.870833 0.160156 0.022222
24 0.110547 0.858333 0.036719 0.172222
24 0.028906 0.863889 0.026563 0.169444
24 0.041797 0.848611 0.019531 0.172222
24 0.088281 0.846528 0.029687 0.168056
0 0.188281 0.838889 0.056250 0.063889
2 0.546094 0.625000 0.012500 0.047222
2 0.083203 0.712500 0.013281 0.044444
2 0.069922 0.750694 0.010156 0.023611
2 0.652344 0.768750 0.007812 0.020833
2 0.283594 0.647917 0.009375 0.043056
1 0.742578 0.618750 0.016406 0.051389
