24 0.882812 0.477778 0.025000 0.119444
24 0.772656 0.459028 0.018750 0.081944
24 0.828516 0.456250 0.021094 0.090278
24 0.739062 0.463194 0.023438 0.095833
24 0.078125 0.431250 0.034375 0.143056
24 0.108594 0.423611 0.018750 0.116667
24 0.151562 0.434028 0.025000 0.123611
24 0.135156 0.425694 0.020312 0.106944
24 0.253125 0.423611 0.015625 0.083333
24 0.268750 0.429861 0.012500 0.079167
23 0.430859 0.591667 0.861719 0.113889
0 0.327344 0.431944 0.065625 0.083333
0 0.408984 0.442361 0.075781 0.101389
0 0.516797 0.410417 0.142969 0.276389
2 0.581641 0.188889 0.013281 0.061111
