0 0.497266 0.523611 0.250781 0.338889
0 0.754297 0.570833 0.203906 0.233333
0 0.282031 0.547917 0.126563 0.173611
0 0.360938 0.543750 0.042188 0.081944
24 0.891016 0.534028 0.028906 0.145833
24 0.913672 0.547917 0.019531 0.137500
24 0.928125 0.543056 0.020312 0.147222
24 0.945312 0.552083 0.018750 0.148611
24 0.959375 0.554167 0.031250 0.141667
24 0.983203 0.545139 0.032031 0.170833
24 0.048047 0.525694 0.030469 0.104167
24 0.089062 0.530556 0.023438 0.077778
24 0.198047 0.549306 0.016406 0.076389
24 0.213281 0.546528 0.012500 0.062500
24 0.634375 0.538889 0.014062 0.072222
