4 0.675781 0.209028 0.018750 0.073611
4 0.286328 0.325694 0.011719 0.048611
0 0.643359 0.727778 0.328906 0.372222
0 0.905469 0.701389 0.187500 0.461111
0 0.537109 0.531944 0.178906 0.125000
0 0.408594 0.544444 0.090625 0.097222
0 0.191797 0.590278 0.177344 0.150000
0 0.047656 0.588889 0.093750 0.127778
23 0.248828 0.679861 0.491406 0.126389
24 0.356641 0.579861 0.035156 0.193056
24 0.416406 0.579167 0.048437 0.163889
24 0.732422 0.522222 0.019531 0.086111
24 0.751562 0.520139 0.018750 0.081944
24 0.840625 0.515278 0.021875 0.091667
24 0.867188 0.515278 0.025000 0.100000
24 0.799219 0.511806 0.021875 0.087500
