0 0.725781 0.631944 0.110937 0.133333
0 0.549609 0.609722 0.080469 0.133333
0 0.618359 0.593056 0.035156 0.061111
23 0.630859 0.672222 0.488281 0.058333
23 0.165234 0.732639 0.330469 0.151389
24 0.359375 0.600694 0.028125 0.123611
24 0.017578 0.579167 0.035156 0.208333
24 0.060156 0.581944 0.046875 0.216667
24 0.105859 0.586111 0.044531 0.197222
24 0.196875 0.584028 0.032812 0.118056
24 0.252734 0.590278 0.024219 0.094444
2 0.548437 0.252778 0.020312 0.077778
2 0.693359 0.343056 0.014844 0.058333
