0 0.114063 0.556250 0.226562 0.348611
0 0.529297 0.430556 0.153906 0.241667
0 0.680859 0.377083 0.128906 0.181944
0 0.362109 0.363889 0.132031 0.102778
0 0.444922 0.322917 0.049219 0.090278
0 0.039062 0.331944 0.078125 0.066667
0 0.608594 0.319444 0.059375 0.100000
2 0.355469 0.136111 0.009375 0.047222
2 0.694141 0.048611 0.014844 0.063889
24 0.921875 0.342361 0.034375 0.129167
24 0.870703 0.322222 0.024219 0.083333
24 0.843359 0.318750 0.027344 0.090278
24 0.155078 0.349306 0.033594 0.095833
24 0.076953 0.351389 0.028906 0.072222
