0 0.574219 0.404861 0.142188 0.281944
0 0.428906 0.386111 0.085938 0.127778
0 0.507422 0.316667 0.058594 0.150000
0 0.082813 0.395139 0.165625 0.626389
23 0.553125 0.579167 0.801562 0.138889
24 0.219531 0.443056 0.064062 0.283333
24 0.284766 0.366667 0.019531 0.102778
24 0.310547 0.359722 0.024219 0.091667
24 0.946094 0.394444 0.045313 0.269444
24 0.806250 0.374306 0.035937 0.173611
24 0.775781 0.377778 0.028125 0.158333
24 0.741016 0.334028 0.033594 0.131944
24 0.682031 0.349306 0.025000 0.101389
