4 0.672344 0.472332 0.035000 0.119850
1 0.733750 0.477528 0.027500 0.101124
1 0.821250 0.578652 0.042500 0.131086
0 0.666797 0.864583 0.074219 0.087500
0 0.380078 0.851389 0.050781 0.066667
23 0.469922 0.935417 0.738281 0.045833
24 0.161328 0.848611 0.028906 0.116667
24 0.192188 0.845139 0.028125 0.109722
24 0.420312 0.861111 0.040625 0.158333
24 0.438672 0.861111 0.028906 0.150000
24 0.837109 0.842361 0.024219 0.112500
24 0.808984 0.840972 0.025781 0.118056
0 0.583984 0.841667 0.038281 0.058333
